arcm1 750 21.403900 9 21 25.809072 18 10 23.685600 2000.0 2000.0 0 0
arcm2 500 21.900600 9 21 25.245120 18 10 18.877440 2000.0 2000.0 0 0
arcm3 750 21.496100 9 21 25.057512 18 10 11.648640 2000.0 2000.0 0 0
arc1 500 21.109800 9 21 25.851792 18 10 6.6324000 2000.0 2000.0 0 0
arc2 400 21.743700 9 21 26.435064 18 10 12.554040 2000.0 2000.0 0 0
arc3 500 22.132400 9 21 26.474208 18 10 22.975680 2000.0 2000.0 0 0
cl1 200 19.839700 9 21 25.749552 18 10 16.484520 2000.0 2000.0 0 0
cl2 200 21.672900 9 21 26.182392 18 10 2.6187600 2000.0 2000.0 0 0
cl3 200 21.853000 9 21 26.264136 18 10 31.404000 2000.0 2000.0 0 0
cl4 200 22.135900 9 21 25.879200 18 10 8.7859200 2000.0 2000.0 0 0
cl5 200 23.723300 9 21 25.418616 18 10 3.7664400 2000.0 2000.0 0 0
bg1 550 22.283500 9 21 25.241496 18 10 29.139600 2000.0 2000.0 0 0
rd1 30 22.153100 9 21 20.205912 18 9 51.273720 2000.0 2000.0 0 0
rd2 30 21.343700 9 21 20.958456 18 9 24.502680 2000.0 2000.0 0 0
rd3 30 21.526800 9 21 29.138376 18 9 37.014480 2000.0 2000.0 0 0
rd4 30 22.637500 9 21 27.559944 18 11 23.858880 2000.0 2000.0 0 0
rd5 30 21.918700 9 21 15.907320 18 11 6.5846400 2000.0 2000.0 0 0
rd6 30 21.873000 9 21 17.396664 18 10 21.254880 2000.0 2000.0 0 0
rd7 30 22.238000 9 21 15.984720 18 9 13.570200 2000.0 2000.0 0 0
rd8 30 22.958700 9 21 30.996816 18 10 10.903080 2000.0 2000.0 0 0
rd9 30 24.560100 9 21 7.8806640 18 10 44.213520 2000.0 2000.0 0 0
s1 -1 16.7380 9 21 13.8062 18 6 3.94958 2000.0 2000.0 0 0
s2 -1 17.5870 9 21 12.4329 18 7 21.8839 2000.0 2000.0 0 0
s3 -1 16.2610 9 21 12.8357 18 7 17.6404 2000.0 2000.0 0 0
s4 -1 18.9030 9 21 2.05078 18 7 15.2646 2000.0 2000.0 0 0
s5 -1 15.9010 9 21 4.56665 18 7 0.288849 2000.0 2000.0 0 0
s6 -1 18.7430 9 21 27.4805 18 5 37.3283 2000.0 2000.0 0 0
s7 -1 15.5280 9 21 23.6206 18 6 43.0952 2000.0 2000.0 0 0
s8 -1 16.0800 9 21 0.955811 18 10 25.4723 2000.0 2000.0 0 0
s9 -1 16.4950 9 21 1.05103 18 10 29.3724 2000.0 2000.0 0 0
s10 -1 16.1400 9 21 3.60718 18 8 27.8018 2000.0 2000.0 0 0
s11 -1 16.7600 9 21 3.59619 18 9 25.2878 2000.0 2000.0 0 0
s12 -1 16.6840 9 21 22.2473 18 10 15.4404 2000.0 2000.0 0 0
s13 -1 16.4080 9 21 20.4858 18 10 7.35855 2000.0 2000.0 0 0
s14 -1 16.7770 9 21 21.6467 18 8 41.5210 2000.0 2000.0 0 0
s15 -1 16.7790 9 21 17.0581 18 10 56.5704 2000.0 2000.0 0 0
s16 -1 15.5790 9 21 23.0566 18 10 23.7831 2000.0 2000.0 0 0
s17 -1 16.8380 9 21 11.5869 18 14 43.9325 2000.0 2000.0 0 0
s18 -1 16.2560 9 21 14.1248 18 12 25.9648 2000.0 2000.0 0 0
s19 -1 15.9790 9 21 2.17163 18 12 15.4385 2000.0 2000.0 0 0
s20 -1 15.8330 9 21 1.80542 18 12 11.7169 2000.0 2000.0 0 0
s21 -1 16.1450 9 21 26.2903 18 13 54.8854 2000.0 2000.0 0 0
s22 -1 16.8280 9 21 21.4819 18 12 38.9218 2000.0 2000.0 0 0
s23 -1 16.8940 9 21 22.7747 18 12 33.4492 2000.0 2000.0 0 0
s24 -1 16.7090 9 21 16.7212 18 12 58.1822 2000.0 2000.0 0 0
s25 -1 15.5730 9 21 18.8818 18 12 45.1085 2000.0 2000.0 0 0
s26 -1 17.2800 9 21 31.3257 18 11 42.4246 2000.0 2000.0 0 0
s27 -1 16.0840 9 21 35.1123 18 13 57.1101 2000.0 2000.0 0 0
s28 -1 16.7290 9 21 33.3435 18 11 51.9896 2000.0 2000.0 0 0
