132.055 283.208 
935.655 243.789 
926.348 104.941 
575.898 11.33 
749.977 98.346 
704.406 97.519 
381.655 87.75 
536.672 91.319 
514.719 90.011 
527.731 91.925 
498.054 89.787 
308.535 187.714 
321.582 177.446 
323.693 190.375 
421.461 181.036 
811.17 140.351 
855.39 158.511 
271.976 167.257 
334.862 174.518 
710.486 194.137 
319.974 278.781 
503.932 187.766 
507.641 278.169 
820.748 282.435 
798.513 280.228 
778.846 314.857 
297.856 311.242 
916.42 321.931 
515.471 364.442 
847.696 348.646 
932.388 359.717 
796.199 393.836 
833.716 386.215 
260.236 377.782 
223.588 97.547 
806.201 1407.086 
611.657 910.145 
244.266 1468.591 
740.565 943.172 
483.979 983.199 
808.736 899.744 
704.289 892.425 
741.536 884.033 
366.042 853.868 
398.556 854.117 
486.367 842.32 
507.568 809.786 
404.817 804.652 
531.804 771.311 
628.872 751.097 
627.008 721.834 
400.487 675.139 
477.621 651.528 
606.18 652.1 
319.204 1465.787 
493.879 1017.569 
584.343 964.699 
538.798 1156.686 
562.748 924.26 
836.803 1196.663 
782.681 989.726 
630.452 969.297 
544.29 1135.648 
580.223 1114.271 
560.953 1145.281 
563.953 1108.337 
750.63 1141.78 
688.983 1030.379 
499.51 1084.214 
