arcm1 1000 20.638900 11 10 20.017056 64 59 51.034200 2000.0 2000.0 0 0
arcm2 500 20.776900 11 10 19.991088 64 59 44.404800 2000.0 2000.0 0 0
arc1 400 21.367700 11 10 19.495992 64 59 58.795800 2000.0 2000.0 0 0
cl1 200 18.706200 11 10 17.833200 65 0 3.1089600 2000.0 2000.0 0 0
cl2 200 19.289000 11 10 18.498864 64 59 58.630200 2000.0 2000.0 0 0
cl3 200 20.223800 11 10 18.501096 64 59 52.759320 2000.0 2000.0 0 0
cl4 200 17.409500 11 10 17.738472 64 59 47.963400 2000.0 2000.0 0 0
cl5 200 20.087100 11 10 18.406464 64 59 45.778920 2000.0 2000.0 0 0
cl6 200 19.629100 11 10 17.576856 64 59 38.983920 2000.0 2000.0 0 0
cl7 200 20.670200 11 10 18.097200 64 59 36.355920 2000.0 2000.0 0 0
cl8 200 19.759000 11 10 16.302960 64 59 35.828160 2000.0 2000.0 0 0
cl9 200 18.225900 11 10 14.669352 65 0 3.1788000 2000.0 2000.0 0 0
cl10 200 18.888100 11 10 13.407264 65 0 3.8170800 2000.0 2000.0 0 0
bg1 100 20.469200 11 10 14.737680 64 59 50.214480 2000.0 2000.0 0 0
bg2 100 22.280300 11 10 15.674160 64 59 30.927120 2000.0 2000.0 0 0
bg3 100 22.305200 11 10 15.054048 64 59 35.406600 2000.0 2000.0 0 0
bg4 100 22.011700 11 10 15.128472 64 59 34.748880 2000.0 2000.0 0 0
rd1 30 23.278500 11 10 19.602408 65 0 15.717600 2000.0 2000.0 0 0
rd2 30 20.111300 11 10 18.440736 65 0 46.856880 2000.0 2000.0 0 0
rd3 30 20.764500 11 10 14.444520 65 0 48.147480 2000.0 2000.0 0 0
rd4 30 20.104300 11 10 21.828792 65 0 8.0820000 2000.0 2000.0 0 0
rd5 30 20.768800 11 10 23.985096 65 0 33.528960 2000.0 2000.0 0 0
rd6 30 19.747900 11 10 12.476040 65 0 18.389160 2000.0 2000.0 0 0
rd7 30 19.533200 11 10 11.359704 65 0 20.190960 2000.0 2000.0 0 0
rd8 30 19.767500 11 10 7.9961520 65 0 59.571720 2000.0 2000.0 0 0
rd9 30 21.049700 11 10 17.164008 64 59 22.944840 2000.0 2000.0 0 0
rd10 30 20.096300 11 10 9.5709360 64 59 37.305960 2000.0 2000.0 0 0
rd11 30 18.468500 11 10 9.0258720 64 59 34.671120 2000.0 2000.0 0 0
rd12 30 19.372500 11 10 9.2189760 64 59 30.800400 2000.0 2000.0 0 0
rd13 30 20.532300 11 10 10.979496 64 59 32.017560 2000.0 2000.0 0 0
rd14 30 18.620000 11 10 22.050528 64 58 56.919360 2000.0 2000.0 0 0
rd15 30 19.796500 11 10 21.898032 64 58 58.551960 2000.0 2000.0 0 0
rd16 30 20.530000 11 10 16.629792 64 59 6.6030000 2000.0 2000.0 0 0
rd17 30 20.634400 11 10 18.097080 64 58 43.902840 2000.0 2000.0 0 0
rd18 30 21.996700 11 10 19.789728 64 59 3.5880000 2000.0 2000.0 0 0
rd19 30 22.531200 11 10 19.719888 64 59 5.0935200 2000.0 2000.0 0 0
rd20 30 22.236100 11 10 19.673280 64 59 1.6569600 2000.0 2000.0 0 0
s1 -1 16.410 11 10 3.52295 64 57 58.4912 2000.0 2000.0 0 0
s2 -1 16.206 11 10 11.4587 65 2 17.9883 2000.0 2000.0 0 0
s3 -1 16.158 11 10 29.2456 64 59 12.4017 2000.0 2000.0 0 0
s7 -1 16.715 11 10 21.0791 64 56 58.5059 2000.0 2000.0 0 0
s5 -1 16.809 11 10 0.0402832 65 0 38.3972 2000.0 2000.0 0 0
s6 -1 17.026 11 10 16.3879 64 56 38.895311 2000.0 2000.0 0 0
s8 -1 16.659 11 10 44.8352 64 59 43.0811 2000.0 2000.0 0 0
s4 -1 16.741 11 9 57.3706 64 56 53.1226 2000.0 2000.0 0 0
