im1 100 mag 11 10 20.004 64 59 44.55 2000.0 2000.0 0 0
im2 100 mag 11 10 20.020 64 59 51.07 2000.0 2000.0 0 0
im3 100 mag 11 10 19.525 64 59 58.53 2000.0 2000.0 0 0
B1  50  mag 11 10 14.730 64 59 50.33 2000.0 2000.0 0 0
B2  50  mag 11 10 15.681 64 59 30.83 2000.0 2000.0 0 0
C1  50  mag 11 10 17.734 64 59 48.00 2000.0 2000.0 0 0
C2  50  mag 11 10 17.572 64 59 39.02 2000.0 2000.0 0 0
C3  30  mag 11 10 17.826 65 00 03.15 2000.0 2000.0 0 0
C4  30  mag 11 10 18.088 64 59 36.34 2000.0 2000.0 0 0
C5  30  mag 11 10 18.412 64 59 45.58 2000.0 2000.0 0 0
C6  30  mag 11 10 18.513 64 59 52.63 2000.0 2000.0 0 0
C7  30  mag 11 10 18.513 64 59 58.66 2000.0 2000.0 0 0
C8  30  mag 11 10 16.308 64 59 35.70 2000.0 2000.0 0 0
s1 -1 mag 11 10 12.303 64 59 21.72 2000.0 2000.0 0 0
s2 -1 mag 11 10 09.493 64 59 19.48 2000.0 2000.0 0 0
s3 -1 mag 11 10 29.266 64 59 12.71 2000.0 2000.0 0 0
