   1.0170000e+03   3.1506650e+03   3.8319320e+03   2.2352800e+01   3.0379630e+01   2.0038200e+01   2.5611370e+02   2.3146000e+00   1.0820000e+01   1.3501163e+02   2.2567716e+01   3.7888000e+01   1.7727000e+01   2.7400000e+01   5.3200000e-01
   9.0000000e+00   3.7839060e+03   3.5995000e+02   2.4566800e+01   3.9534270e+00   2.2720900e+01   2.1643970e+01   1.8459000e+00   5.3450000e+01   1.3500409e+02   2.2529507e+01   1.9326000e+01   4.1020000e+00   9.3000000e+00   7.8800000e-01
   6.3000000e+01   3.5552710e+03   7.1647500e+02   2.4718300e+01   3.4387140e+00   2.2452200e+01   2.7722750e+01   2.2661000e+00   4.3900000e+00   1.3500681e+02   2.2533430e+01   5.7730000e+00   5.1260000e+00  -5.7500000e+01   1.1200000e-01
   6.7000000e+01   2.9791090e+03   7.4546200e+02   2.3127300e+01   1.4886000e+01   2.0701200e+01   1.3906390e+02   2.4261000e+00   1.7300000e+00   1.3501368e+02   2.2533750e+01   2.8830000e+00   2.8230000e+00   8.8900000e+01   2.1000000e-02
   9.3000000e+01   3.0138240e+03   9.0103600e+02   2.4048800e+01   6.3705330e+00   2.1614100e+01   5.9989570e+01   2.4347000e+00   1.6700000e+00   1.3501326e+02   2.2535462e+01   2.4370000e+00   2.3090000e+00  -7.5900000e+01   5.2000000e-02
   1.9500000e+02   2.0853840e+03   1.3202360e+03   2.4646100e+01   3.6749710e+00   2.2553700e+01   2.5248600e+01   2.0924000e+00   8.6400000e+00   1.3502433e+02   2.2540075e+01   1.1061000e+01   3.9500000e+00   6.7500000e+01   6.4300000e-01
   2.2200000e+02   9.3873700e+02   1.3265900e+03   2.4717800e+01   3.4400590e+00   2.3116300e+01   1.5038090e+01   1.6015000e+00   3.3500000e+00   1.3503799e+02   2.2540143e+01   4.4810000e+00   4.3210000e+00   3.9000000e+01   3.6000000e-02
   2.5700000e+02   2.4862070e+03   1.3707130e+03   2.5316300e+01   1.9823720e+00   2.3585200e+01   9.7637850e+00   1.7311000e+00   1.6900000e+00   1.3501955e+02   2.2540630e+01   1.7720000e+00   1.6100000e+00   8.3900000e+01   9.2000000e-02
   2.5900000e+02   2.1391800e+03   1.3774810e+03   2.6543100e+01   6.4042790e-01   2.4739200e+01   3.3730310e+00   1.8039000e+00   4.9300000e+00   1.3502368e+02   2.2540705e+01   3.1980000e+00   2.6930000e+00   7.5800000e+01   1.5800000e-01
   3.3700000e+02   2.9436370e+03   1.5599130e+03   2.5581600e+01   1.5526220e+00   2.4432000e+01   4.4760230e+00   1.1496000e+00   7.7700000e+00   1.3501410e+02   2.2542713e+01   3.3070000e+00   2.8370000e+00  -4.3000000e+00   1.4200000e-01
   3.5100000e+02   2.3822840e+03   1.6061420e+03   2.6012800e+01   1.0437050e+00   2.4591300e+01   3.8654450e+00   1.4215000e+00   4.9200000e+00   1.3502079e+02   2.2543221e+01   3.1010000e+00   2.4490000e+00   4.2500000e+01   2.1000000e-01
   3.5400000e+02   3.9054760e+03   1.6595790e+03   2.4698500e+01   3.5020130e+00   2.2767000e+01   2.0744020e+01   1.9315000e+00   4.5200000e+00   1.3500264e+02   2.2543809e+01   5.6220000e+00   5.5630000e+00   1.2200000e+01   1.1000000e-02
   3.7600000e+02   2.6164570e+03   1.7653660e+03   2.4401500e+01   4.6034560e+00   2.2571800e+01   2.4830670e+01   1.8297000e+00   4.2600000e+00   1.3501800e+02   2.2544974e+01   8.4190000e+00   5.2020000e+00  -5.0600000e+01   3.8200000e-01
   3.7700000e+02   1.8180860e+03   1.6997420e+03   2.6334100e+01   7.7635130e-01   2.4671600e+01   3.5896210e+00   1.6625000e+00   6.9200000e+00   1.3502751e+02   2.2544251e+01   3.6190000e+00   2.9320000e+00   3.9200000e+01   1.9000000e-01
   4.0200000e+02   3.7179200e+02   1.8871270e+03   2.4225900e+01   5.4118920e+00   2.2131200e+01   3.7257020e+01   2.0947000e+00   6.8300000e+00   1.3504474e+02   2.2546311e+01   9.8020000e+00   5.1860000e+00  -6.7900000e+01   4.7100000e-01
   4.0300000e+02   1.7305470e+03   1.8600520e+03   2.3765800e+01   8.2676350e+00   2.1657300e+01   5.7648290e+01   2.1085000e+00   5.0100000e+00   1.3502855e+02   2.2546015e+01   8.5920000e+00   6.3910000e+00  -2.5500000e+01   2.5600000e-01
   4.1900000e+02   1.1901530e+03   1.9779430e+03   2.3221800e+01   1.3645440e+01   2.1071700e+01   9.8859230e+01   2.1501000e+00   7.2200000e+00   1.3503499e+02   2.2547312e+01   1.1250000e+01   7.8800000e+00   6.3000000e+01   3.0000000e-01
   4.4900000e+02   1.8972920e+03   1.9393810e+03   2.6882700e+01   4.6838430e-01   2.4894500e+01   2.9234040e+00   1.9882000e+00   1.5300000e+01   1.3502657e+02   2.2546888e+01   5.0240000e+00   4.0910000e+00  -3.0500000e+01   1.8600000e-01
   4.6500000e+02   1.9655920e+03   1.9561080e+03   2.4821700e+01   3.1262610e+00   2.3531500e+01   1.0258880e+01   1.2902000e+00   1.7100000e+00   1.3502575e+02   2.2547073e+01   1.8100000e+00   1.6310000e+00   5.0000000e+01   9.9000000e-02
   5.3100000e+02   1.7377470e+03   2.1285600e+03   2.5689200e+01   1.4061070e+00   2.4169100e+01   5.7026040e+00   1.5201000e+00   1.5590000e+01   1.3502847e+02   2.2548970e+01   6.4100000e+00   2.6400000e+00   4.6800000e+01   5.8800000e-01
   5.6400000e+02   1.1629400e+03   2.2657470e+03   2.5563900e+01   1.5781670e+00   2.4158300e+01   5.7595100e+00   1.4056000e+00   2.1120000e+01   1.3503532e+02   2.2550479e+01   7.5800000e+00   3.8680000e+00  -7.8100000e+01   4.9000000e-01
   6.0100000e+02   1.2221070e+03   2.5324380e+03   2.2662900e+01   2.2832650e+01   2.0488300e+01   1.6919940e+02   2.1746000e+00   5.6700000e+00   1.3503461e+02   2.2553414e+01   1.2690000e+01   8.7970000e+00  -7.7400000e+01   3.0700000e-01
   6.0900000e+02   5.7106100e+02   2.4034650e+03   2.6122200e+01   9.4364920e-01   2.4905400e+01   2.8944130e+00   1.2168000e+00   1.9690000e+01   1.3504237e+02   2.2551994e+01   5.8740000e+00   4.7200000e+00   3.4700000e+01   1.9600000e-01
   6.1200000e+02   1.6451870e+03   2.4298550e+03   2.4524000e+01   4.1124730e+00   2.2659800e+01   2.2897820e+01   1.8642000e+00   4.6700000e+00   1.3502957e+02   2.2552286e+01   6.2510000e+00   3.6250000e+00   3.5300000e+01   4.2000000e-01
   6.2000000e+02   1.9628240e+03   2.4193870e+03   2.6018000e+01   1.0387630e+00   2.4483000e+01   4.2708170e+00   1.5350000e+00   1.0250000e+01   1.3502579e+02   2.2552171e+01   4.5330000e+00   3.6960000e+00   3.3900000e+01   1.8500000e-01
   6.4700000e+02   1.6038460e+03   2.5987420e+03   2.3411900e+01   1.1453180e+01   2.1212400e+01   8.6842610e+01   2.1995000e+00   7.2000000e+00   1.3503006e+02   2.2554144e+01   9.4110000e+00   7.4620000e+00  -4.4700000e+01   2.0700000e-01
   6.5300000e+02   1.3147780e+03   2.4948960e+03   2.4948500e+01   2.7817460e+00   2.2893200e+01   1.8467560e+01   2.0553000e+00   5.3100000e+00   1.3503351e+02   2.2553001e+01   5.2940000e+00   3.2100000e+00  -8.6000000e+00   3.9400000e-01
   6.5700000e+02   4.1343960e+03   2.5043460e+03   2.5021000e+01   2.6020750e+00   2.3109000e+01   1.5138680e+01   1.9120000e+00   3.8900000e+00   1.3499991e+02   2.2553105e+01   3.6160000e+00   3.5560000e+00  -4.5500000e+01   1.6000000e-02
   6.6400000e+02   4.5289690e+03   2.5303950e+03   2.5695700e+01   1.3977560e+00   2.3982700e+01   6.7704290e+00   1.7130000e+00   5.0100000e+00   1.3499521e+02   2.2553392e+01   4.2020000e+00   2.6820000e+00  -3.7700000e+01   3.6200000e-01
   6.7600000e+02   2.0036410e+03   2.5480660e+03   2.6718800e+01   5.4474690e-01   2.4938600e+01   2.8070090e+00   1.7802000e+00   8.4700000e+00   1.3502530e+02   2.2553587e+01   3.6290000e+00   3.0980000e+00   6.4800000e+01   1.4600000e-01
   6.8200000e+02   2.1796350e+03   2.6574860e+03   2.4448500e+01   4.4087620e+00   2.2320400e+01   3.1299570e+01   2.1281000e+00   6.6800000e+00   1.3502320e+02   2.2554791e+01   8.5230000e+00   3.4730000e+00   6.1300000e+01   5.9300000e-01
   6.9300000e+02   4.4434220e+03   2.6523890e+03   2.4926200e+01   2.8393030e+00   2.3084100e+01   1.5490280e+01   1.8421000e+00   6.7500000e+00   1.3499623e+02   2.2554734e+01   6.5930000e+00   3.7440000e+00   6.5100000e+01   4.3200000e-01
   7.1000000e+02   1.7938070e+03   2.6868850e+03   2.5640700e+01   1.4703100e+00   2.3797300e+01   8.0311110e+00   1.8434000e+00   1.2760000e+01   1.3502780e+02   2.2555115e+01   5.9560000e+00   5.7100000e+00  -8.4800000e+01   4.1000000e-02
   7.1400000e+02   3.3834150e+03   2.8870120e+03   2.4091800e+01   6.1235120e+00   2.1731000e+01   5.3862110e+01   2.3608000e+00   1.9420000e+01   1.3500886e+02   2.2557317e+01   1.8071000e+01   5.6690000e+00   6.8600000e+01   6.8600000e-01
   7.6000000e+02   8.0062300e+02   2.7845470e+03   2.6527000e+01   6.4996020e-01   2.4735000e+01   3.3861780e+00   1.7920000e+00   1.7930000e+01   1.3503964e+02   2.2556188e+01   6.3660000e+00   2.0760000e+00   3.9700000e+01   6.7400000e-01
   7.6500000e+02   1.7612040e+03   2.7798030e+03   2.5826400e+01   1.2392490e+00   2.3746700e+01   8.4141360e+00   2.0797000e+00   1.8000000e+00   1.3502819e+02   2.2556137e+01   1.6180000e+00   1.5750000e+00   3.6300000e+01   2.6000000e-02
   7.6700000e+02   2.9442540e+03   2.8234410e+03   2.6460900e+01   6.9079550e-01   2.4483900e+01   4.2672750e+00   1.9770000e+00   1.1030000e+01   1.3501409e+02   2.2556618e+01   5.0210000e+00   4.1370000e+00  -2.7900000e+01   1.7600000e-01
   7.8900000e+02   2.7824680e+03   3.0650210e+03   2.3150900e+01   1.4566010e+01   2.1127900e+01   9.3877610e+01   2.0230000e+00   6.3200000e+00   1.3501602e+02   2.2559276e+01   1.2254000e+01   6.6970000e+00  -5.2300000e+01   4.5300000e-01
   7.9600000e+02   1.9661830e+03   2.9641350e+03   2.4636400e+01   3.7080640e+00   2.2448800e+01   2.7809900e+01   2.1876000e+00   5.9600000e+00   1.3502575e+02   2.2558166e+01   6.2370000e+00   4.1740000e+00   3.8400000e+01   3.3100000e-01
   8.1700000e+02   7.4096200e+02   3.0134440e+03   2.5888300e+01   1.1705290e+00   2.4556800e+01   3.9899180e+00   1.3315000e+00   8.7900000e+00   1.3504035e+02   2.2558707e+01   5.3620000e+00   4.4870000e+00   4.1800000e+01   1.6300000e-01
   8.4400000e+02   1.7230340e+03   3.2241820e+03   2.3304600e+01   1.2643610e+01   2.1713500e+01   5.4737530e+01   1.5911000e+00   2.1220000e+01   1.3502864e+02   2.2561028e+01   1.3403000e+01   8.9330000e+00   2.3000000e+00   3.3400000e-01
   8.5000000e+02   4.9323770e+03   3.1018180e+03   2.6340800e+01   7.7160580e-01   2.4902500e+01   2.9021440e+00   1.4383000e+00   1.7040000e+01   1.3499040e+02   2.2559679e+01   5.7940000e+00   2.4320000e+00   6.7400000e+01   5.8000000e-01
   8.5100000e+02   4.5478290e+03   3.1317650e+03   2.4994600e+01   2.6660180e+00   2.3572800e+01   9.8761430e+00   1.4218000e+00   7.6400000e+00   1.3499498e+02   2.2560010e+01   6.2650000e+00   2.8940000e+00  -6.2100000e+01   5.3800000e-01
   8.6600000e+02   2.3570620e+03   3.1537290e+03   2.6585600e+01   6.1582130e-01   2.4744600e+01   3.3563390e+00   1.8410000e+00   5.4200000e+00   1.3502109e+02   2.2560253e+01   3.5200000e+00   2.8140000e+00   2.6900000e+01   2.0100000e-01
   8.8600000e+02   1.8772790e+03   3.2162620e+03   2.5041300e+01   2.5536990e+00   2.3136300e+01   1.4763140e+01   1.9050000e+00   5.0800000e+00   1.3502681e+02   2.2560941e+01   5.8790000e+00   3.5200000e+00  -3.2600000e+01   4.0100000e-01
   8.8800000e+02   1.3540400e+03   3.2503000e+03   2.4519000e+01   4.1313920e+00   2.2605200e+01   2.4077680e+01   1.9138000e+00   6.8300000e+00   1.3503304e+02   2.2561315e+01   7.8060000e+00   5.0820000e+00  -8.5000000e+00   3.4900000e-01
   8.9700000e+02   1.7088250e+03   3.2280640e+03   2.5454200e+01   1.7459310e+00   2.4124300e+01   5.9426110e+00   1.3299000e+00   1.3140000e+01   1.3502881e+02   2.2561070e+01   3.8460000e+00   3.0230000e+00  -6.9100000e+01   2.1400000e-01
   9.0000000e+02   1.0124870e+03   3.3653780e+03   2.3275400e+01   1.2987440e+01   2.1201000e+01   8.7762100e+01   2.0744000e+00   5.2700000e+00   1.3503711e+02   2.2562580e+01   1.0645000e+01   9.0480000e+00  -3.1500000e+01   1.5000000e-01
   9.0500000e+02   3.7341390e+03   3.3211220e+03   2.3591400e+01   9.7086470e+00   2.1522900e+01   6.5246930e+01   2.0685000e+00   5.4600000e+00   1.3500468e+02   2.2562094e+01   8.2340000e+00   4.6860000e+00  -3.9200000e+01   4.3100000e-01
   9.3100000e+02   1.6619710e+03   3.3762680e+03   2.4337100e+01   4.8849320e+00   2.2298300e+01   3.1943950e+01   2.0388000e+00   5.6700000e+00   1.3502937e+02   2.2562701e+01   9.1330000e+00   6.4280000e+00  -2.9800000e+01   2.9600000e-01
   9.3800000e+02   3.3182520e+03   3.3419510e+03   2.6190900e+01   8.8577590e-01   2.4978400e+01   2.7061730e+00   1.2125000e+00   1.1880000e+01   1.3500963e+02   2.2562324e+01   4.7780000e+00   2.7080000e+00  -3.6600000e+01   4.3300000e-01
   9.4300000e+02   2.7999490e+03   3.3883970e+03   2.5589800e+01   1.5409070e+00   2.3851600e+01   7.6397710e+00   1.7382000e+00   1.3310000e+01   1.3501581e+02   2.2562835e+01   6.0490000e+00   3.2540000e+00   7.5800000e+01   4.6200000e-01
   9.5900000e+02   1.6228350e+03   3.3879690e+03   2.5546000e+01   1.6043440e+00   2.3693900e+01   8.8333200e+00   1.8521000e+00   1.1690000e+01   1.3502984e+02   2.2562830e+01   7.1790000e+00   2.8710000e+00  -1.0000000e+00   6.0000000e-01
   9.7600000e+02   2.3784780e+03   3.4673100e+03   2.5688400e+01   1.4071110e+00   2.3635500e+01   9.3218690e+00   2.0529000e+00   6.6700000e+00   1.3502083e+02   2.2563704e+01   5.0260000e+00   4.5370000e+00   6.6200000e+01   9.7000000e-02
   9.8100000e+02   3.1321760e+03   3.4901780e+03   2.4881900e+01   2.9575770e+00   2.2506100e+01   2.6380240e+01   2.3758000e+00   4.7300000e+00   1.3501185e+02   2.2563955e+01   6.8560000e+00   4.3170000e+00  -2.7600000e+01   3.7000000e-01
   9.8300000e+02   3.5721500e+03   3.5478930e+03   2.4460900e+01   4.3584230e+00   2.2468400e+01   2.7311610e+01   1.9925000e+00   9.7800000e+00   1.3500661e+02   2.2564590e+01   9.4490000e+00   4.5040000e+00   8.3800000e+01   5.2300000e-01
   9.8800000e+02   3.3845050e+03   3.5214440e+03   2.4676200e+01   3.5744920e+00   2.2526400e+01   2.5890520e+01   2.1498000e+00   4.1900000e+00   1.3500884e+02   2.2564299e+01   4.5730000e+00   3.2510000e+00   7.3800000e+01   2.8900000e-01
   9.9700000e+02   3.4060250e+03   3.6316870e+03   2.3802900e+01   7.9899540e+00   2.1623800e+01   5.9452540e+01   2.1791000e+00   5.6800000e+00   1.3500859e+02   2.2565512e+01   1.0785000e+01   6.6560000e+00  -8.9800000e+01   3.8300000e-01
   1.0180000e+03   3.8369900e+03   3.5586510e+03   2.5769700e+01   1.3056170e+00   2.4018000e+01   6.5538050e+00   1.7517000e+00   7.2400000e+00   1.3500345e+02   2.2564708e+01   4.0500000e+00   3.7920000e+00  -5.0000000e-01   6.4000000e-02
   1.0230000e+03   1.8280330e+03   3.5631220e+03   2.5637500e+01   1.4747240e+00   2.3868800e+01   7.5192200e+00   1.7687000e+00   4.0800000e+00   1.3502739e+02   2.2564758e+01   3.4380000e+00   3.1200000e+00   5.6200000e+01   9.3000000e-02
   1.0700000e+03   3.2678550e+03   3.7105110e+03   2.4197000e+01   5.5575470e+00   2.2112100e+01   3.7917790e+01   2.0849000e+00   5.2100000e+00   1.3501023e+02   2.2566380e+01   5.8760000e+00   5.8120000e+00   6.4900000e+01   1.1000000e-02
   1.0890000e+03   3.8355620e+03   3.7409400e+03   2.4217800e+01   5.4521990e+00   2.1983700e+01   4.2680610e+01   2.2341000e+00   4.8800000e+00   1.3500347e+02   2.2566714e+01   7.9580000e+00   4.4300000e+00  -2.5800000e+01   4.4300000e-01
   1.0940000e+03   1.6864150e+03   3.9184380e+03   2.3774100e+01   8.2049020e+00   2.1546500e+01   6.3839340e+01   2.2276000e+00   4.6400000e+00   1.3502908e+02   2.2568668e+01   1.1482000e+01   6.6520000e+00  -2.2000000e+01   4.2100000e-01
   1.1010000e+03   3.1702610e+03   3.7526050e+03   2.4980500e+01   2.7008480e+00   2.2831400e+01   1.9549010e+01   2.1491000e+00   4.1800000e+00   1.3501140e+02   2.2566843e+01   4.3910000e+00   2.9010000e+00   4.0000000e+01   3.3900000e-01
   1.1040000e+03   3.9616560e+03   3.8117990e+03   2.4587500e+01   3.8789830e+00   2.2483700e+01   2.6928370e+01   2.1038000e+00   5.4600000e+00   1.3500197e+02   2.2567494e+01   7.6020000e+00   5.4560000e+00  -6.7700000e+01   2.8200000e-01
   1.1120000e+03   1.0875030e+03   3.7483340e+03   2.5705800e+01   1.3847400e+00   2.3882200e+01   7.4271490e+00   1.8236000e+00   5.2800000e+00   1.3503622e+02   2.2566795e+01   4.5460000e+00   2.1550000e+00   1.1300000e+01   5.2600000e-01
   1.1200000e+03   2.4983780e+03   3.7882520e+03   2.5669900e+01   1.4313940e+00   2.3671500e+01   9.0178240e+00   1.9984000e+00   4.1700000e+00   1.3501941e+02   2.2567236e+01   3.7820000e+00   2.7720000e+00   2.7000000e+00   2.6700000e-01
   1.1210000e+03   4.7203900e+03   3.8149180e+03   2.6043200e+01   1.0148560e+00   2.4012600e+01   6.5867460e+00   2.0306000e+00   7.5400000e+00   1.3499292e+02   2.2567527e+01   4.7180000e+00   3.1240000e+00  -8.9200000e+01   3.3800000e-01
   1.1280000e+03   3.7462600e+03   3.8798260e+03   2.4777300e+01   3.2567400e+00   2.2566200e+01   2.4959700e+01   2.2111000e+00   5.3400000e+00   1.3500453e+02   2.2568243e+01   7.3710000e+00   5.2580000e+00   5.6400000e+01   2.8700000e-01
   1.1360000e+03   4.7092340e+03   3.8520800e+03   2.6052100e+01   1.0066390e+00   2.4982600e+01   2.6957590e+00   1.0695000e+00   1.1350000e+01   1.3499306e+02   2.2567936e+01   4.1930000e+00   2.0230000e+00  -7.8700000e+01   5.1800000e-01
   1.1390000e+03   3.2130500e+03   4.0035780e+03   2.3349900e+01   1.2127030e+01   2.1185400e+01   8.9027730e+01   2.1645000e+00   6.3200000e+00   1.3501089e+02   2.2569605e+01   1.1502000e+01   9.4670000e+00   7.8300000e+01   1.7700000e-01
   1.1440000e+03   3.2021460e+03   3.8616120e+03   2.4355900e+01   4.8011490e+00   2.2181900e+01   3.5558380e+01   2.1740000e+00   7.3600000e+00   1.3501102e+02   2.2568043e+01   3.6840000e+00   3.5820000e+00   4.3800000e+01   2.8000000e-02
   1.1460000e+03   3.7813050e+03   3.8825320e+03   2.5266900e+01   2.0746410e+00   2.3157800e+01   1.4473220e+01   2.1091000e+00   3.3200000e+00   1.3500412e+02   2.2568273e+01   3.4930000e+00   3.0310000e+00   1.5000000e+01   1.3200000e-01
   1.1470000e+03   3.4504020e+03   3.8955010e+03   2.4967200e+01   2.7340880e+00   2.2952600e+01   1.7485340e+01   2.0146000e+00   5.0300000e+00   1.3500806e+02   2.2568416e+01   4.1140000e+00   3.9460000e+00   7.3000000e+01   4.1000000e-02
   1.1480000e+03   2.9852350e+03   3.9975390e+03   2.4911000e+01   2.8793480e+00   2.2890900e+01   1.8507120e+01   2.0201000e+00   5.1500000e+00   1.3501360e+02   2.2569539e+01   6.2020000e+00   5.3740000e+00  -7.8600000e+01   1.3300000e-01
   1.1520000e+03   3.2012490e+03   3.8712240e+03   2.5010200e+01   2.6279380e+00   2.2755800e+01   2.0959960e+01   2.2544000e+00   7.9300000e+00   1.3501103e+02   2.2568149e+01   3.1980000e+00   2.7740000e+00   2.7700000e+01   1.3300000e-01
   1.1530000e+03   2.3366120e+03   4.0161130e+03   2.3873100e+01   7.4895540e+00   2.1755900e+01   5.2643870e+01   2.1172000e+00   7.1900000e+00   1.3502133e+02   2.2569743e+01   1.2776000e+01   6.3490000e+00  -5.0800000e+01   5.0300000e-01
   1.1740000e+03   3.4297350e+03   3.9758390e+03   2.4706100e+01   3.4774190e+00   2.2698700e+01   2.2090670e+01   2.0074000e+00   5.4800000e+00   1.3500831e+02   2.2569300e+01   5.8060000e+00   4.8540000e+00   3.8200000e+01   1.6400000e-01
   1.1930000e+03   4.1020560e+03   3.9806150e+03   2.6251800e+01   8.3750670e-01   2.4347900e+01   4.8365890e+00   1.9039000e+00   6.3000000e+00   1.3500029e+02   2.2569352e+01   3.7980000e+00   2.9490000e+00   2.5700000e+01   2.2300000e-01
   1.1980000e+03   4.2819960e+03   4.0521020e+03   2.4787500e+01   3.2262550e+00   2.2753000e+01   2.1012800e+01   2.0345000e+00   2.3530000e+01   1.3499815e+02   2.2570138e+01   1.0216000e+01   3.5640000e+00   4.3100000e+01   6.5100000e-01
   1.2060000e+03   1.9013470e+03   4.0383920e+03   2.4416900e+01   4.5389680e+00   2.2432700e+01   2.8223770e+01   1.9842000e+00   5.0100000e+00   1.3502652e+02   2.2569988e+01   6.3390000e+00   3.3050000e+00   3.1600000e+01   4.7900000e-01
   1.2260000e+03   2.7691040e+03   4.0581970e+03   2.6754800e+01   5.2697500e-01   2.4840600e+01   3.0723370e+00   1.9142000e+00   7.3400000e+00   1.3501618e+02   2.2570206e+01   3.4780000e+00   3.1150000e+00   4.0300000e+01   1.0400000e-01
   1.2430000e+03   2.1861140e+03   4.1468420e+03   2.5524300e+01   1.6367010e+00   2.3719500e+01   8.6274760e+00   1.8048000e+00   1.8470000e+01   1.3502313e+02   2.2571182e+01   7.8590000e+00   2.9320000e+00   7.6600000e+01   6.2700000e-01
   1.2440000e+03   2.7828580e+03   4.2402530e+03   2.3884600e+01   7.4106750e+00   2.2175900e+01   3.5756470e+01   1.7087000e+00   1.1740000e+01   1.3501601e+02   2.2572210e+01   1.8573000e+01   8.5160000e+00   1.0100000e+01   5.4200000e-01
   1.2470000e+03   2.6285100e+03   4.0954040e+03   2.5900700e+01   1.1572660e+00   2.4747900e+01   3.3460370e+00   1.1528000e+00   2.1350000e+01   1.3501785e+02   2.2570616e+01   6.1790000e+00   3.3690000e+00   1.9000000e+00   4.5500000e-01
   1.2490000e+03   2.6391700e+03   4.1060420e+03   2.5764900e+01   1.3114080e+00   2.3926900e+01   7.1274150e+00   1.8380000e+00   4.5900000e+00   1.3501773e+02   2.2570733e+01   4.0760000e+00   3.8880000e+00  -5.2000000e+00   4.6000000e-02
   1.2860000e+03   3.0814650e+03   4.2847870e+03   2.2834000e+01   1.9503070e+01   2.1117800e+01   9.4747780e+01   1.7162000e+00   5.0000000e+00   1.3501246e+02   2.2572700e+01   1.6297000e+01   1.0555000e+01   1.7200000e+01   3.5200000e-01
   1.3040000e+03   2.4211540e+03   4.2591440e+03   2.4971000e+01   2.7245190e+00   2.2924700e+01   1.7939920e+01   2.0463000e+00   9.1900000e+00   1.3502033e+02   2.2572418e+01   6.7900000e+00   5.2550000e+00  -8.3600000e+01   2.2600000e-01
   1.3060000e+03   2.7982650e+03   4.2921740e+03   2.3804800e+01   7.9763040e+00   2.1957000e+01   4.3744350e+01   1.8478000e+00   1.2420000e+01   1.3501583e+02   2.2572781e+01   1.0231000e+01   7.1020000e+00  -7.0000000e-01   3.0600000e-01
   1.3240000e+03   3.4752210e+03   4.2912430e+03   2.5817200e+01   1.2497510e+00   2.3856900e+01   7.6023570e+00   1.9603000e+00   8.3700000e+00   1.3500776e+02   2.2572771e+01   4.6750000e+00   3.0880000e+00  -5.0800000e+01   3.4000000e-01
   1.3560000e+03   5.0154570e+03   4.3467130e+03   2.5939800e+01   1.1162650e+00   2.4731400e+01   3.3972530e+00   1.2084000e+00   1.1670000e+01   1.3498941e+02   2.2573379e+01   5.5840000e+00   1.4360000e+00  -8.0000000e-01   7.4300000e-01
   1.3650000e+03   1.3995090e+03   4.4149130e+03   2.6037300e+01   1.0204000e+00   2.4277900e+01   5.1588880e+00   1.7594000e+00   6.9000000e+00   1.3503250e+02   2.2574131e+01   5.4410000e+00   2.7280000e+00  -4.7000000e+01   4.9900000e-01
   1.3670000e+03   1.4642910e+03   4.4231750e+03   2.3407600e+01   1.1498660e+01   2.1536900e+01   6.4405540e+01   1.8707000e+00   1.9100000e+00   1.3503173e+02   2.2574222e+01   2.5710000e+00   2.3730000e+00  -6.5900000e+01   7.7000000e-02
   1.3810000e+03   3.7579890e+03   4.4493530e+03   2.6096500e+01   9.6626110e-01   2.4843000e+01   3.0654540e+00   1.2535000e+00   1.0920000e+01   1.3500439e+02   2.2574511e+01   4.4690000e+00   1.9340000e+00  -2.0200000e+01   5.6700000e-01
   1.4260000e+03   3.0369260e+03   4.6783690e+03   2.4647600e+01   3.6699440e+00   2.2626500e+01   2.3609290e+01   2.0211000e+00   4.3900000e+00   1.3501299e+02   2.2577031e+01   5.4170000e+00   5.0020000e+00  -5.1200000e+01   7.7000000e-02
   1.4280000e+03   3.0976300e+03   4.8921790e+03   2.3152900e+01   1.4539710e+01   2.1434500e+01   7.0779370e+01   1.7184000e+00   9.9100000e+00   1.3501226e+02   2.2579384e+01   1.8121000e+01   1.4487000e+01  -4.4000000e+00   2.0100000e-01
   1.4500000e+03   2.6951110e+03   4.9772660e+03   2.4968100e+01   2.7318670e+00   2.2973900e+01   1.7145370e+01   1.9942000e+00   4.5700000e+00   1.3501706e+02   2.2580321e+01   3.7560000e+00   3.6470000e+00   4.3400000e+01   2.9000000e-02
   1.5460000e+03   1.5202140e+03   4.8583520e+03   2.4909100e+01   2.8845360e+00   2.3134900e+01   1.4782960e+01   1.7742000e+00   2.3630000e+01   1.3503106e+02   2.2579011e+01   1.0423000e+01   3.0710000e+00  -8.4000000e+01   7.0500000e-01
