 3555.271 716.475  
 3905.476 1659.579  
 371.792 1887.127  
 1730.547 1860.052  
 1190.153 1977.943  
 1645.187 2429.855  
 1603.846 2598.742  
 1314.778 2494.896  
 4134.396 2504.346  
 4528.969 2530.395  
 2003.641 2548.066  
 2179.635 2657.486  
 4443.422 2652.389  
 3383.415 2887.012  
 2782.468 3065.021  
 1966.183 2964.135  
 4932.377 3101.818  
 4547.829 3131.765  
 2357.062 3153.729  
 1877.279 3216.262  
 1354.04 3250.3  
 1012.487 3365.378  
 3734.139 3321.122  
 1661.971 3376.268  
 2799.949 3388.397  
 1622.835 3387.969  
 2378.478 3467.31  
 3132.176 3490.178  
 3572.15 3547.893  
 3384.505 3521.444  
 3406.025 3631.687  
 3150.665 3831.932  
 3836.99 3558.651  
 1828.033 3563.122  
 3267.855 3710.511  
 3835.562 3740.94  
 1686.415 3918.438  
 3170.261 3752.605  
 3961.656 3811.799  
 1087.503 3748.334  
 2498.378 3788.252  
 4720.39 3814.918  
 3746.26 3879.826  
 4709.234 3852.08  
 3213.05 4003.578  
 3202.146 3861.612  
 3781.305 3882.532  
 3450.402 3895.501  
 2985.235 3997.539  
 3201.249 3871.224  
 2336.612 4016.113  
 3429.735 3975.839  
 4102.056 3980.615  
 4281.996 4052.102  
 1901.347 4038.392  
 2769.104 4058.197  
 2186.114 4146.842  
 2782.858 4240.253  
 2639.17 4106.042  
 3081.465 4284.787  
 2421.154 4259.144  
 2798.265 4292.174  
 3475.221 4291.243  
 1399.509 4414.913  
 3757.989 4449.353  
 3036.926 4678.369  
 3097.63 4892.179  
 2695.111 4977.266  
 1520.214 4858.352  
 3161.6273 3635.913
 2970.0267 3494.0787
