   1.0000000e+00   1.3205500e+02   2.8320800e+02   1.2295400e+01   3.2030280e+05   8.6953000e+00   8.8219770e+06   3.6001000e+00   1.8288000e+02   0.0000000e+00   0.0000000e+00   8.6204000e+01   1.0764000e+01  -8.9600000e+01   8.7500000e-01
   2.0000000e+00   9.3565500e+02   2.4378900e+02   1.6989300e+01   4.2458690e+03   1.1775500e+01   5.1701960e+05   5.2138000e+00   5.9980000e+01   0.0000000e+00   0.0000000e+00   2.2651000e+01   4.4070000e+00  -8.7400000e+01   8.0500000e-01
   3.0000000e+00   9.2634800e+02   1.0494100e+02   1.7889700e+01   1.8527650e+03   7.5007000e+00   2.6510350e+07   1.0389000e+01   6.3840000e+01   0.0000000e+00   0.0000000e+00   2.4866000e+01   1.9987000e+01  -8.0700000e+01   1.9600000e-01
   4.0000000e+00   5.7589800e+02   1.1330000e+01   1.4147700e+01   5.8162160e+04   6.8573000e+00   4.7949030e+07   7.2904000e+00   2.2397000e+02   0.0000000e+00   0.0000000e+00   1.8465400e+02   7.5370000e+00  -0.0000000e+00   9.5900000e-01
   5.0000000e+00   1.0186460e+03   5.3255800e+02   1.0204900e+01   2.1965880e+06   7.9028000e+00   1.8304920e+07   2.3021000e+00   2.8441000e+02   0.0000000e+00   0.0000000e+00   2.4136900e+02   9.2980000e+00  -8.9900000e+01   9.6100000e-01
   6.0000000e+00   7.4997700e+02   9.8346000e+01   1.7815300e+01   1.9841120e+03   1.2926300e+01   1.7914340e+05   4.8890000e+00   1.7450000e+01   0.0000000e+00   0.0000000e+00   8.8000000e+00   4.9460000e+00  -2.1000000e+00   4.3800000e-01
   7.0000000e+00   7.0440600e+02   9.7519000e+01   2.0309900e+01   1.9940290e+02   9.9000000e+01  -2.6935460e+04  -7.8690100e+01   4.5070000e+01   0.0000000e+00   0.0000000e+00   1.4402000e+01   3.9150000e+00   9.4000000e+00   7.2800000e-01
   8.0000000e+00   3.8165500e+02   8.7750000e+01   1.9891900e+01   2.9305040e+02   9.9000000e+01  -3.4062150e+05  -7.9108100e+01   4.2710000e+01   0.0000000e+00   0.0000000e+00   1.6009000e+01   3.1620000e+00   1.2000000e+00   8.0300000e-01
   9.0000000e+00   5.3667200e+02   9.1319000e+01   2.2939700e+01   1.7693360e+01   9.9000000e+01  -1.5630670e+04  -7.6060300e+01   0.0000000e+00   0.0000000e+00   0.0000000e+00   3.3580000e+00   1.9660000e+00   3.3000000e+00   4.1500000e-01
   1.0000000e+01   5.1471900e+02   9.0011000e+01   9.9000000e+01  -6.1643070e+00   9.9000000e+01  -8.5986300e+03   0.0000000e+00   0.0000000e+00   0.0000000e+00   0.0000000e+00   1.5730000e+00   1.3250000e+00   3.4000000e+01   1.5800000e-01
   1.1000000e+01   5.2773100e+02   9.1925000e+01   9.9000000e+01  -5.1141360e+00   9.9000000e+01  -1.5050880e+03   0.0000000e+00   0.0000000e+00   0.0000000e+00   0.0000000e+00   1.7230000e+00   1.0270000e+00   8.8800000e+01   4.0400000e-01
   1.2000000e+01   4.9805400e+02   8.9787000e+01   9.9000000e+01  -1.7854490e+01   9.9000000e+01  -4.8120280e+03   0.0000000e+00   0.0000000e+00   0.0000000e+00   0.0000000e+00   2.2310000e+00   1.0910000e+00  -5.6000000e+00   5.1100000e-01
   1.3000000e+01   3.0853500e+02   1.8771400e+02   9.9000000e+01  -1.9805570e+03   1.3282500e+01   1.2903040e+05   8.5717500e+01   1.6470000e+01   0.0000000e+00   0.0000000e+00   3.8920000e+00   1.9370000e+00  -8.7700000e+01   5.0200000e-01
   1.4000000e+01   3.2158200e+02   1.7744600e+02   9.9000000e+01  -4.9108860e+02   1.4672200e+01   3.5877800e+04   8.4327800e+01   2.6270000e+01   0.0000000e+00   0.0000000e+00   5.3500000e+00   3.5810000e+00   8.4400000e+01   3.3100000e-01
   1.5000000e+01   3.2369300e+02   1.9037500e+02   9.9000000e+01  -9.1493030e+02   1.4254900e+01   5.2692070e+04   8.4745100e+01   3.3110000e+01   0.0000000e+00   0.0000000e+00   6.3750000e+00   4.7730000e+00  -8.2500000e+01   2.5100000e-01
   1.6000000e+01   4.2146100e+02   1.8103600e+02   9.9000000e+01  -2.4016170e+03   1.2666200e+01   2.2763510e+05   8.6333800e+01   1.4700000e+01   0.0000000e+00   0.0000000e+00   6.3220000e+00   3.9150000e+00   3.3000000e+00   3.8100000e-01
   1.7000000e+01   8.1117000e+02   1.4035100e+02   2.2754600e+01   2.0982670e+01   1.9115500e+01   5.9912990e+02   3.6391000e+00   5.9100000e+00   0.0000000e+00   0.0000000e+00   1.0240000e+00   9.6000000e-01  -7.0400000e+01   6.3000000e-02
   1.8000000e+01   8.5539000e+02   1.5851100e+02   9.9000000e+01  -8.2953550e+01   1.6563000e+01   6.2880430e+03   8.2437000e+01   9.0400000e+00   0.0000000e+00   0.0000000e+00   1.8040000e+00   1.2650000e+00  -7.9700000e+01   2.9900000e-01
   1.9000000e+01   2.7197600e+02   1.6725700e+02   9.9000000e+01  -1.0150940e+02   1.4544100e+01   4.0368560e+04   8.4455900e+01   6.7100000e+00   0.0000000e+00   0.0000000e+00   2.1390000e+00   1.8140000e+00  -5.4300000e+01   1.5200000e-01
   2.0000000e+01   3.3486200e+02   1.7451800e+02   9.9000000e+01  -8.6816530e+01   1.6600100e+01   6.0768480e+03   8.2399900e+01   6.5700000e+00   0.0000000e+00   0.0000000e+00   1.4860000e+00   8.1500000e-01  -5.6500000e+01   4.5200000e-01
   2.1000000e+01   7.1048600e+02   1.9413700e+02   9.9000000e+01  -2.4052120e+01   1.7005300e+01   4.1838510e+03   8.1994700e+01   6.7900000e+00   0.0000000e+00   0.0000000e+00   1.6650000e+00   7.7600000e-01   2.8400000e+01   5.3400000e-01
   2.2000000e+01   3.1997400e+02   2.7878100e+02   1.3944900e+01   7.0103380e+04   1.1124400e+01   9.4178710e+05   2.8205000e+00   9.7600000e+00   0.0000000e+00   0.0000000e+00   6.3110000e+00   4.9700000e+00  -7.4200000e+01   2.1200000e-01
   2.3000000e+01   5.0393200e+02   1.8776600e+02   9.9000000e+01  -5.2899780e+01   1.8461600e+01   1.0941530e+03   8.0538400e+01   0.0000000e+00   0.0000000e+00   0.0000000e+00   1.6040000e+00   3.4500000e-01  -9.0000000e+00   7.8500000e-01
   2.4000000e+01   5.0764100e+02   2.7816900e+02   1.5333400e+01   1.9513780e+04   1.3259200e+01   1.3183360e+05   2.0742000e+00   9.9700000e+00   0.0000000e+00   0.0000000e+00   3.2950000e+00   2.9400000e+00  -4.8400000e+01   1.0800000e-01
   2.5000000e+01   8.2074800e+02   2.8243500e+02   1.8629400e+01   9.3740890e+02   1.3218600e+01   1.3686040e+05   5.4108000e+00   7.3500000e+00   0.0000000e+00   0.0000000e+00   2.2740000e+00   1.7980000e+00  -6.8900000e+01   2.0900000e-01
   2.6000000e+01   7.9851300e+02   2.8022800e+02   1.7945500e+01   1.7598910e+03   1.4766900e+01   3.2879700e+04   3.1786000e+00   7.8700000e+00   0.0000000e+00   0.0000000e+00   2.2710000e+00   1.8580000e+00  -7.1600000e+01   1.8200000e-01
   2.7000000e+01   7.7884600e+02   3.1485700e+02   9.9000000e+01  -2.3075460e+03   1.5926400e+01   1.1301970e+04   8.3073600e+01   1.2390000e+01   0.0000000e+00   0.0000000e+00   2.1960000e+00   1.9450000e+00   8.6100000e+01   1.1400000e-01
   2.8000000e+01   2.9785600e+02   3.1124200e+02   1.6854600e+01   4.8068070e+03   1.6160100e+01   9.1130830e+03   6.9450000e-01   9.4500000e+00   0.0000000e+00   0.0000000e+00   2.0060000e+00   1.2410000e+00  -6.8700000e+01   3.8100000e-01
   2.9000000e+01   9.1642000e+02   3.2193100e+02   1.8387400e+01   1.1714960e+03   1.6779400e+01   5.1513850e+03   1.6080000e+00   9.8900000e+00   0.0000000e+00   0.0000000e+00   1.9780000e+00   1.3790000e+00   1.9500000e+01   3.0300000e-01
   3.0000000e+01   5.1547100e+02   3.6444200e+02   1.5438700e+01   1.7709510e+04   1.3068000e+01   1.5722220e+05   2.3707000e+00   1.1540000e+01   0.0000000e+00   0.0000000e+00   4.0780000e+00   2.6010000e+00  -5.8600000e+01   3.6200000e-01
   3.1000000e+01   8.4769600e+02   3.4864600e+02   9.9000000e+01  -2.0755430e+03   1.5158800e+01   2.2919210e+04   8.3841200e+01   1.2300000e+01   0.0000000e+00   0.0000000e+00   2.3090000e+00   1.8250000e+00  -7.9700000e+01   2.1000000e-01
   3.2000000e+01   9.3238800e+02   3.5971700e+02   1.8634700e+01   9.3285220e+02   1.7324600e+01   3.1179130e+03   1.3101000e+00   1.1310000e+01   0.0000000e+00   0.0000000e+00   3.0740000e+00   1.1590000e+00   7.0500000e+01   6.2300000e-01
   3.3000000e+01   7.9619900e+02   3.9383600e+02   1.3939600e+01   7.0444010e+04   1.4138500e+01   5.8652110e+04  -1.9890000e-01   1.3490000e+01   0.0000000e+00   0.0000000e+00   3.0920000e+00   2.8370000e+00  -6.6100000e+01   8.2000000e-02
   3.4000000e+01   8.3371600e+02   3.8621500e+02   1.3784300e+01   8.1279840e+04   1.4723000e+01   3.4238710e+04  -9.3870000e-01   1.8710000e+01   0.0000000e+00   0.0000000e+00   3.5340000e+00   2.8490000e+00   6.1000000e+00   1.9400000e-01
   3.5000000e+01   2.6023600e+02   3.7778200e+02   1.5698900e+01   1.3936190e+04   9.9000000e+01  -2.1759280e+03  -8.3301100e+01   0.0000000e+00   0.0000000e+00   0.0000000e+00   1.6980000e+00   1.4290000e+00  -6.7500000e+01   1.5800000e-01
   3.6000000e+01   5.4410300e+02   5.0854400e+02   1.3757400e+01   8.3316830e+04   1.1141400e+01   9.2716620e+05   2.6160000e+00   1.1090000e+01   0.0000000e+00   0.0000000e+00   5.6760000e+00   4.8150000e+00   5.9800000e+01   1.5200000e-01
   3.7000000e+01   3.3885900e+02   4.5710700e+02   1.6180600e+01   8.9428640e+03   1.5366400e+01   1.8929970e+04   8.1420000e-01   1.4000000e+01   0.0000000e+00   0.0000000e+00   2.4180000e+00   2.2540000e+00  -1.7400000e+01   6.8000000e-02
   3.8000000e+01   5.1263100e+02   4.4857800e+02   1.7244100e+01   3.3577750e+03   1.6107100e+01   9.5687340e+03   1.1370000e+00   8.8500000e+00   0.0000000e+00   0.0000000e+00   1.6580000e+00   1.4860000e+00  -8.1900000e+01   1.0400000e-01
   3.9000000e+01   2.2358800e+02   9.7547000e+01   9.9000000e+01  -5.3441090e+02   7.4629000e+00   2.7448900e+07   9.1537100e+01   7.5230000e+01   0.0000000e+00   0.0000000e+00   2.6923000e+01   2.0732000e+01  -5.7000000e+01   2.3000000e-01
   4.0000000e+01   1.9090300e+02   6.7338300e+02   1.1356100e+01   7.6076120e+05   6.4746000e+00   6.8212470e+07   4.8815000e+00   3.8050000e+02   0.0000000e+00   0.0000000e+00   2.8977800e+02   1.3862000e+01  -8.9500000e+01   9.5200000e-01
   4.1000000e+01   8.0620100e+02   1.4070860e+03   1.4504600e+01   4.1866370e+04   6.3510000e+00   7.6437490e+07   8.1536000e+00   4.1495000e+02   0.0000000e+00   0.0000000e+00   1.2160500e+02   7.7451000e+01  -5.0300000e+01   3.6300000e-01
   4.2000000e+01   4.5049200e+02   4.8945500e+02   1.4981800e+01   2.6976480e+04   1.4871900e+01   2.9850600e+04   1.0990000e-01   8.8300000e+00   0.0000000e+00   0.0000000e+00   2.3920000e+00   1.8790000e+00  -7.8500000e+01   2.1400000e-01
   4.3000000e+01   4.7802500e+02   4.9663100e+02   1.6326900e+01   7.8150530e+03   1.4351600e+01   4.8200880e+04   1.9753000e+00   1.2420000e+01   0.0000000e+00   0.0000000e+00   2.8190000e+00   2.3900000e+00  -2.9000000e+01   1.5200000e-01
   4.4000000e+01   6.0192800e+02   5.4826700e+02   1.5151100e+01   2.3081340e+04   1.3285300e+01   1.2870270e+05   1.8658000e+00   1.7660000e+01   0.0000000e+00   0.0000000e+00   5.6390000e+00   3.0210000e+00  -5.3600000e+01   4.6400000e-01
   4.5000000e+01   6.1165700e+02   9.1014500e+02   1.3703700e+01   8.7541120e+04   1.1874900e+01   4.7179520e+05   1.8288000e+00   2.4170000e+01   0.0000000e+00   0.0000000e+00   7.8440000e+00   6.3910000e+00  -6.8300000e+01   1.8500000e-01
   4.6000000e+01   2.4426600e+02   1.4685910e+03   1.9114100e+01   5.9989090e+02   1.6009400e+01   1.0470360e+04   3.1047000e+00   5.2400000e+00   0.0000000e+00   0.0000000e+00   9.8600000e-01   7.8600000e-01   8.2500000e+01   2.0200000e-01
   4.7000000e+01   6.9774600e+02   9.6472000e+02   1.9121500e+01   5.9580710e+02   1.7684300e+01   2.2386910e+03   1.4372000e+00   6.2800000e+00   0.0000000e+00   0.0000000e+00   1.2620000e+00   8.7800000e-01  -6.7600000e+01   3.0500000e-01
   4.8000000e+01   5.2407100e+02   9.5291600e+02   1.5274600e+01   2.0598880e+04   1.4285400e+01   5.1230150e+04   9.8920000e-01   1.7670000e+01   0.0000000e+00   0.0000000e+00   4.0910000e+00   2.4050000e+00  -7.8300000e+01   4.1200000e-01
   4.9000000e+01   9.0282200e+02   9.5535300e+02   1.7421800e+01   2.8507930e+03   1.6057600e+01   1.0015310e+04   1.3642000e+00   9.0100000e+00   0.0000000e+00   0.0000000e+00   2.9710000e+00   7.6200000e-01   4.7900000e+01   7.4400000e-01
   5.0000000e+01   7.4056500e+02   9.4317200e+02   1.4602200e+01   3.8267040e+04   1.3181200e+01   1.4164910e+05   1.4210000e+00   1.0190000e+01   0.0000000e+00   0.0000000e+00   3.6720000e+00   2.7230000e+00  -7.6400000e+01   2.5800000e-01
   5.1000000e+01   6.9241100e+02   9.1861900e+02   1.7757800e+01   2.0921480e+03   1.6886300e+01   4.6686000e+03   8.7150000e-01   8.9700000e+00   0.0000000e+00   0.0000000e+00   1.9100000e+00   1.1760000e+00  -5.5700000e+01   3.8500000e-01
   5.2000000e+01   8.7092500e+02   9.1299000e+02   1.5260000e+01   2.0879340e+04   1.4412000e+01   4.5594010e+04   8.4800000e-01   1.0290000e+01   0.0000000e+00   0.0000000e+00   2.8350000e+00   2.4150000e+00  -8.6600000e+01   1.4800000e-01
   5.3000000e+01   4.8397900e+02   9.8319900e+02   1.5261900e+01   2.0842660e+04   1.2885200e+01   1.8604980e+05   2.3767000e+00   1.0230000e+01   0.0000000e+00   0.0000000e+00   3.5410000e+00   3.3140000e+00  -5.0800000e+01   6.4000000e-02
   5.4000000e+01   8.0873600e+02   8.9974400e+02   1.6423200e+01   7.1518540e+03   1.4228800e+01   5.3972520e+04   2.1944000e+00   9.1500000e+00   0.0000000e+00   0.0000000e+00   2.6410000e+00   2.2380000e+00   8.2500000e+01   1.5300000e-01
   5.5000000e+01   9.1112800e+02   8.9931200e+02   1.8239400e+01   1.3425730e+03   1.6884600e+01   4.6759300e+03   1.3548000e+00   6.9700000e+00   0.0000000e+00   0.0000000e+00   1.9120000e+00   7.1200000e-01  -4.0400000e+01   6.2700000e-01
   5.6000000e+01   8.5380900e+02   8.9687100e+02   1.7175100e+01   3.5782690e+03   1.6255200e+01   8.3486500e+03   9.1990000e-01   1.1330000e+01   0.0000000e+00   0.0000000e+00   2.1260000e+00   1.6830000e+00  -6.8000000e+01   2.0900000e-01
   5.7000000e+01   7.0428900e+02   8.9242500e+02   1.6469000e+01   6.8562630e+03   1.3919400e+01   7.1771900e+04   2.5496000e+00   8.6200000e+00   0.0000000e+00   0.0000000e+00   2.6240000e+00   2.1780000e+00  -7.9600000e+01   1.7000000e-01
   5.8000000e+01   8.3298400e+02   8.9343300e+02   1.9363400e+01   4.7682740e+02   1.6694100e+01   5.5727590e+03   2.6693000e+00   8.8700000e+00   0.0000000e+00   0.0000000e+00   1.6590000e+00   1.3230000e+00   7.3700000e+01   2.0200000e-01
   5.9000000e+01   3.2737900e+02   8.9034200e+02   1.5671200e+01   1.4296430e+04   1.4098600e+01   6.0847910e+04   1.5726000e+00   1.0990000e+01   0.0000000e+00   0.0000000e+00   2.8420000e+00   2.3170000e+00  -6.9400000e+01   1.8500000e-01
   6.0000000e+01   5.6686200e+02   8.8212900e+02   1.5445200e+01   1.7604850e+04   1.4789600e+01   3.2199140e+04   6.5560000e-01   2.1750000e+01   0.0000000e+00   0.0000000e+00   4.6750000e+00   2.8100000e+00  -5.9000000e+00   3.9900000e-01
   6.1000000e+01   4.1897800e+02   8.8929300e+02   1.8383000e+01   1.1762300e+03   1.6802600e+01   5.0428580e+03   1.5804000e+00   8.9200000e+00   0.0000000e+00   0.0000000e+00   1.8960000e+00   1.1720000e+00   5.2600000e+01   3.8200000e-01
   6.2000000e+01   7.4153600e+02   8.8403300e+02   1.6544000e+01   6.3987580e+03   1.4438700e+01   4.4483880e+04   2.1053000e+00   1.1570000e+01   0.0000000e+00   0.0000000e+00   2.6870000e+00   2.3960000e+00   7.8000000e+01   1.0800000e-01
   6.3000000e+01   9.2072400e+02   8.6157400e+02   1.6016600e+01   1.0400460e+04   1.4658300e+01   3.6340910e+04   1.3583000e+00   1.5470000e+01   0.0000000e+00   0.0000000e+00   3.2540000e+00   2.0440000e+00   5.4900000e+01   3.7200000e-01
   6.4000000e+01   1.1010160e+03   8.6742400e+02   9.9000000e+01  -1.5247970e+02   9.9000000e+01  -8.0276860e+02   0.0000000e+00   0.0000000e+00   0.0000000e+00   0.0000000e+00   1.5280000e+00   3.6700000e-01  -5.2800000e+01   7.6000000e-01
   6.5000000e+01   3.6604200e+02   8.5386800e+02   1.4604000e+01   3.8204000e+04   1.2528700e+01   2.5836870e+05   2.0753000e+00   1.0910000e+01   0.0000000e+00   0.0000000e+00   4.9440000e+00   2.9550000e+00  -5.7200000e+01   4.0200000e-01
   6.6000000e+01   3.9855600e+02   8.5411700e+02   1.6217000e+01   8.6480620e+03   1.4256100e+01   5.2633150e+04   1.9609000e+00   1.4240000e+01   0.0000000e+00   0.0000000e+00   3.0730000e+00   2.8910000e+00   4.4500000e+01   5.9000000e-02
   6.7000000e+01   9.1944700e+02   8.5010300e+02   1.6468600e+01   6.8589890e+03   1.5003600e+01   2.6440400e+04   1.4650000e+00   1.1260000e+01   0.0000000e+00   0.0000000e+00   2.5260000e+00   1.3990000e+00   6.7000000e+01   4.4600000e-01
   6.8000000e+01   4.8636700e+02   8.4232000e+02   1.7342800e+01   3.0660440e+03   1.5646100e+01   1.4630960e+04   1.6967000e+00   9.8300000e+00   0.0000000e+00   0.0000000e+00   2.3900000e+00   1.5300000e+00  -2.8200000e+01   3.6000000e-01
   6.9000000e+01   4.8667200e+02   8.4532700e+02   1.7991100e+01   1.6875950e+03   1.5607100e+01   1.5165030e+04   2.3840000e+00   8.2900000e+00   0.0000000e+00   0.0000000e+00   1.8720000e+00   1.1410000e+00  -1.7600000e+01   3.9100000e-01
   7.0000000e+01   8.9394600e+02   8.0518900e+02   1.3273900e+01   1.3005980e+05   1.1106100e+01   9.5774130e+05   2.1678000e+00   1.1830000e+01   0.0000000e+00   0.0000000e+00   8.0170000e+00   5.1550000e+00   8.2000000e+00   3.5700000e-01
   7.1000000e+01   5.0756800e+02   8.0978600e+02   1.5042200e+01   2.5516670e+04   1.2852600e+01   1.9170990e+05   2.1896000e+00   1.0990000e+01   0.0000000e+00   0.0000000e+00   3.7980000e+00   3.6000000e+00   7.4400000e+01   5.2000000e-02
   7.2000000e+01   4.0481700e+02   8.0465200e+02   1.6319600e+01   7.8677010e+03   1.3994000e+01   6.7006370e+04   2.3256000e+00   1.1250000e+01   0.0000000e+00   0.0000000e+00   2.9050000e+00   2.7060000e+00   6.5900000e+01   6.8000000e-02
   7.3000000e+01   9.1821800e+02   7.8903300e+02   1.5762500e+01   1.3143740e+04   1.4589200e+01   3.8728750e+04   1.1733000e+00   1.3530000e+01   0.0000000e+00   0.0000000e+00   2.5230000e+00   2.0180000e+00  -1.1300000e+01   2.0000000e-01
   7.4000000e+01   5.4307900e+02   7.8880400e+02   1.7781200e+01   2.0475580e+03   1.6961500e+01   4.3562830e+03   8.1970000e-01   8.1800000e+00   0.0000000e+00   0.0000000e+00   1.4450000e+00   1.2930000e+00   1.5200000e+01   1.0600000e-01
   7.5000000e+01   5.3180400e+02   7.7131100e+02   1.6732200e+01   5.3805300e+03   1.4931400e+01   2.8258040e+04   1.8008000e+00   9.9400000e+00   0.0000000e+00   0.0000000e+00   2.3750000e+00   1.9690000e+00  -4.8200000e+01   1.7100000e-01
   7.6000000e+01   9.1163900e+02   7.6563400e+02   1.4346000e+01   4.8448760e+04   1.2729900e+01   2.1465010e+05   1.6161000e+00   1.2740000e+01   0.0000000e+00   0.0000000e+00   3.7800000e+00   3.1300000e+00  -6.5600000e+01   1.7200000e-01
   7.7000000e+01   7.0887700e+02   7.5638400e+02   1.6494500e+01   6.6975460e+03   1.6429700e+01   7.1093800e+03   6.4800000e-02   9.7600000e+00   0.0000000e+00   0.0000000e+00   1.8710000e+00   1.4190000e+00   6.6200000e+01   2.4100000e-01
   7.8000000e+01   6.2887200e+02   7.5109700e+02   1.4977900e+01   2.7072710e+04   1.2575700e+01   2.4740490e+05   2.4022000e+00   9.5300000e+00   0.0000000e+00   0.0000000e+00   3.4840000e+00   3.1800000e+00  -6.0600000e+01   8.7000000e-02
   7.9000000e+01   5.5030100e+02   7.3519300e+02   1.9217500e+01   5.4537890e+02   1.7629000e+01   2.3556880e+03   1.5885000e+00   6.8200000e+00   0.0000000e+00   0.0000000e+00   1.6600000e+00   7.8600000e-01   3.7400000e+01   5.2700000e-01
   8.0000000e+01   6.2700800e+02   7.2183400e+02   1.7442000e+01   2.7984680e+03   1.5191600e+01   2.2237060e+04   2.2504000e+00   1.0980000e+01   0.0000000e+00   0.0000000e+00   2.3760000e+00   1.9240000e+00  -8.9300000e+01   1.9000000e-01
   8.1000000e+01   2.2681900e+02   6.8243700e+02   1.6178500e+01   8.9598840e+03   1.5616800e+01   1.5030160e+04   5.6170000e-01   1.0560000e+01   0.0000000e+00   0.0000000e+00   2.1210000e+00   1.7480000e+00  -6.7600000e+01   1.7600000e-01
   8.2000000e+01   4.0048700e+02   6.7513900e+02   1.6123700e+01   9.4234370e+03   1.2086500e+01   3.8824970e+05   4.0372000e+00   7.8200000e+00   0.0000000e+00   0.0000000e+00   2.6540000e+00   2.2780000e+00  -6.2600000e+01   1.4200000e-01
   8.3000000e+01   6.1650200e+02   1.0353000e+03   1.6520300e+01   6.5398970e+03   1.4986700e+01   2.6854990e+04   1.5336000e+00   1.3590000e+01   0.0000000e+00   0.0000000e+00   2.8380000e+00   2.2240000e+00  -1.4200000e+01   2.1600000e-01
   8.4000000e+01   3.2969300e+02   6.7286000e+02   1.7275800e+01   3.2612200e+03   1.6176100e+01   8.9794060e+03   1.0997000e+00   1.0270000e+01   0.0000000e+00   0.0000000e+00   1.8300000e+00   1.6050000e+00   8.1600000e+01   1.2300000e-01
   8.5000000e+01   4.7762100e+02   6.5152800e+02   1.3479500e+01   1.0761800e+05   1.1315400e+01   7.8981620e+05   2.1641000e+00   1.1110000e+01   0.0000000e+00   0.0000000e+00   5.3280000e+00   4.2670000e+00  -6.5700000e+01   1.9900000e-01
   8.6000000e+01   6.0618000e+02   6.5210000e+02   1.5692600e+01   1.4017610e+04   1.3902400e+01   7.2899170e+04   1.7902000e+00   1.1390000e+01   0.0000000e+00   0.0000000e+00   3.2100000e+00   2.9720000e+00   1.8200000e+01   7.4000000e-02
   8.7000000e+01   8.9146100e+02   6.4117600e+02   1.5810100e+01   1.2579710e+04   1.2992800e+01   1.6849600e+05   2.8173000e+00   1.2080000e+01   0.0000000e+00   0.0000000e+00   3.9900000e+00   3.0920000e+00  -2.3700000e+01   2.2500000e-01
   8.8000000e+01   2.4419900e+02   5.9620500e+02   1.7325200e+01   3.1161350e+03   1.3046400e+01   1.6037720e+05   4.2788000e+00   8.2000000e+00   0.0000000e+00   0.0000000e+00   3.2490000e+00   2.5050000e+00  -7.3800000e+01   2.2900000e-01
   8.9000000e+01   5.7938400e+02   5.9927900e+02   1.8942300e+01   7.0270830e+02   1.6663600e+01   5.7315320e+03   2.2787000e+00   1.0090000e+01   0.0000000e+00   0.0000000e+00   2.2530000e+00   1.2610000e+00  -1.0400000e+01   4.4000000e-01
   9.0000000e+01   5.7382100e+02   5.6127700e+02   1.8028900e+01   1.6298170e+03   1.3526800e+01   1.0303150e+05   4.5021000e+00   7.8800000e+00   0.0000000e+00   0.0000000e+00   2.3790000e+00   1.8150000e+00  -8.1100000e+01   2.3700000e-01
   9.1000000e+01   3.1920400e+02   1.4657870e+03   1.4986000e+01   2.6872010e+04   9.4872000e+00   4.2540860e+06   5.4988000e+00   1.3277000e+02   0.0000000e+00   0.0000000e+00   4.7633000e+01   1.0268000e+01   1.1000000e+00   7.8400000e-01
   9.2000000e+01   2.4622500e+02   1.0659110e+03   1.2581900e+01   2.4600740e+05   1.2281200e+01   3.2450270e+05   3.0070000e-01   1.3830000e+01   0.0000000e+00   0.0000000e+00   7.2090000e+00   4.8300000e+00   3.0700000e+01   3.3000000e-01
   9.3000000e+01   4.0115900e+02   9.6763900e+02   1.7113000e+01   3.7889050e+03   1.5310000e+01   1.9938470e+04   1.8030000e+00   1.2790000e+01   0.0000000e+00   0.0000000e+00   2.4800000e+00   1.8390000e+00   3.7400000e+01   2.5900000e-01
   9.4000000e+01   2.3194900e+02   9.5559700e+02   1.3080600e+01   1.5540960e+05   1.1056300e+01   1.0027530e+06   2.0243000e+00   9.4100000e+00   0.0000000e+00   0.0000000e+00   5.7840000e+00   4.5310000e+00  -1.9100000e+01   2.1700000e-01
   9.5000000e+01   2.9594700e+02   9.9015300e+02   1.5229900e+01   2.1465130e+04   1.3894800e+01   7.3415050e+04   1.3351000e+00   1.7470000e+01   0.0000000e+00   0.0000000e+00   4.5320000e+00   2.6800000e+00  -7.4700000e+01   4.0900000e-01
   9.6000000e+01   4.9387900e+02   1.0175690e+03   1.7147300e+01   3.6708850e+03   1.4828400e+01   3.1070480e+04   2.3189000e+00   1.1740000e+01   0.0000000e+00   0.0000000e+00   2.6220000e+00   2.1580000e+00  -7.9700000e+01   1.7700000e-01
   9.7000000e+01   5.8434300e+02   9.6469900e+02   1.2104500e+01   3.8184580e+05   9.4560000e+00   4.3782800e+06   2.6485000e+00   2.0310000e+01   0.0000000e+00   0.0000000e+00   1.1309000e+01   9.6990000e+00  -4.9700000e+01   1.4200000e-01
   9.8000000e+01   5.3879800e+02   1.1586860e+03   1.6282900e+01   8.1387820e+03   1.4219000e+01   5.4462310e+04   2.0639000e+00   9.0700000e+00   0.0000000e+00   0.0000000e+00   2.6070000e+00   2.1780000e+00  -7.1900000e+01   1.6500000e-01
   9.9000000e+01   5.9507400e+02   1.1064210e+03   1.7503000e+01   2.6455030e+03   1.5576400e+01   1.5601010e+04   1.9266000e+00   1.2550000e+01   0.0000000e+00   0.0000000e+00   2.2850000e+00   1.9170000e+00   2.1800000e+01   1.6100000e-01
   1.0000000e+02   6.2215900e+02   1.0660200e+03   1.8139000e+01   1.4726740e+03   1.6382900e+01   7.4220270e+03   1.7561000e+00   6.8100000e+00   0.0000000e+00   0.0000000e+00   1.9850000e+00   1.0700000e+00  -4.9500000e+01   4.6100000e-01
   1.0100000e+02   6.9078000e+01   1.2696990e+03   1.2414300e+01   2.8705450e+05   1.1609000e+01   6.0269460e+05   8.0530000e-01   7.4700000e+01   0.0000000e+00   0.0000000e+00   2.9667000e+01   5.2190000e+00  -8.9700000e+01   8.2400000e-01
   1.0200000e+02   4.2542200e+02   1.1629470e+03   1.9045800e+01   6.3880350e+02   1.7031600e+01   4.0837270e+03   2.0142000e+00   6.5400000e+00   0.0000000e+00   0.0000000e+00   1.3600000e+00   9.7700000e-01  -8.9300000e+01   2.8200000e-01
   1.0300000e+02   5.6152100e+02   1.1995930e+03   1.4561900e+01   3.9715530e+04   1.2233900e+01   3.3894390e+05   2.3280000e+00   1.0090000e+01   0.0000000e+00   0.0000000e+00   4.4560000e+00   3.1530000e+00  -3.7600000e+01   2.9200000e-01
   1.0400000e+02   5.6274800e+02   9.2426000e+02   1.2110500e+01   3.7976210e+05   9.6504000e+00   3.6604610e+06   2.4601000e+00   1.4670000e+01   0.0000000e+00   0.0000000e+00   1.3462000e+01   1.0333000e+01   1.0000000e+00   2.3200000e-01
   1.0500000e+02   2.4466700e+02   1.2913560e+03   1.4251600e+01   5.2850480e+04   1.5535300e+01   1.6202250e+04  -1.2837000e+00   1.0140000e+01   0.0000000e+00   0.0000000e+00   3.5410000e+00   2.4530000e+00  -8.7400000e+01   3.0700000e-01
   1.0600000e+02   3.0244200e+02   1.2859360e+03   1.7900900e+01   1.8337700e+03   1.6651200e+01   5.7973120e+03   1.2497000e+00   7.2400000e+00   0.0000000e+00   0.0000000e+00   1.5460000e+00   1.1160000e+00  -3.9600000e+01   2.7800000e-01
   1.0700000e+02   8.3680300e+02   1.1966630e+03   9.9000000e+01  -2.9164660e+03   1.4749800e+01   3.3402450e+04   8.4250200e+01   7.4600000e+00   0.0000000e+00   0.0000000e+00   2.2170000e+00   1.8210000e+00  -6.9300000e+01   1.7900000e-01
   1.0800000e+02   7.8268100e+02   9.8972600e+02   1.6032000e+01   1.0254000e+04   1.4160800e+01   5.7459820e+04   1.8712000e+00   1.2570000e+01   0.0000000e+00   0.0000000e+00   3.3280000e+00   2.4850000e+00   8.5000000e+01   2.5300000e-01
   1.0900000e+02   6.3045200e+02   9.6929700e+02   1.3719800e+01   8.6257520e+04   1.1446600e+01   6.9992860e+05   2.2732000e+00   1.2740000e+01   0.0000000e+00   0.0000000e+00   6.5420000e+00   6.0120000e+00  -7.7000000e+00   8.1000000e-02
   1.1000000e+02   5.4429000e+02   1.1356480e+03   1.6370700e+01   7.5062340e+03   1.4797900e+01   3.1954750e+04   1.5728000e+00   1.2420000e+01   0.0000000e+00   0.0000000e+00   2.7400000e+00   2.3630000e+00   5.6400000e+01   1.3800000e-01
   1.1100000e+02   5.8022300e+02   1.1142710e+03   1.6328900e+01   7.8006630e+03   1.4109500e+01   6.0243970e+04   2.2194000e+00   1.0210000e+01   0.0000000e+00   0.0000000e+00   2.7920000e+00   2.6030000e+00  -3.0200000e+01   6.8000000e-02
   1.1200000e+02   3.3781000e+02   1.2415100e+03   1.6034600e+01   1.0229970e+04   1.5025600e+01   2.5908640e+04   1.0090000e+00   9.6300000e+00   0.0000000e+00   0.0000000e+00   2.2410000e+00   1.9270000e+00  -7.1400000e+01   1.4000000e-01
   1.1300000e+02   4.2582200e+02   1.1978200e+03   1.7277400e+01   3.2564010e+03   1.5697200e+01   1.3957710e+04   1.5802000e+00   1.1290000e+01   0.0000000e+00   0.0000000e+00   2.0880000e+00   1.7000000e+00  -6.9700000e+01   1.8600000e-01
   1.1400000e+02   4.5901700e+02   1.2339620e+03   1.8912500e+01   7.2229860e+02   1.7356000e+01   3.0290420e+03   1.5565000e+00   6.2300000e+00   0.0000000e+00   0.0000000e+00   1.2920000e+00   8.4400000e-01   7.6100000e+01   3.4600000e-01
   1.1500000e+02   5.6095300e+02   1.1452810e+03   1.4581600e+01   3.9001050e+04   1.2676900e+01   2.2539030e+05   1.9047000e+00   1.4200000e+01   0.0000000e+00   0.0000000e+00   4.6390000e+00   3.8450000e+00   1.0000000e+00   1.7100000e-01
   1.1600000e+02   5.6395300e+02   1.1083370e+03   1.5520700e+01   1.6421480e+04   1.3075300e+01   1.5617120e+05   2.4454000e+00   9.1000000e+00   0.0000000e+00   0.0000000e+00   3.1370000e+00   2.8220000e+00   8.3400000e+01   1.0000000e-01
   1.1700000e+02   3.1459800e+02   1.2561970e+03   1.8776700e+01   8.1854370e+02   1.7076600e+01   3.9180810e+03   1.7001000e+00   6.2800000e+00   0.0000000e+00   0.0000000e+00   1.2150000e+00   9.1300000e-01   6.4200000e+01   2.4900000e-01
   1.1800000e+02   2.5825000e+02   1.2436540e+03   1.5051600e+01   2.5295510e+04   1.3683500e+01   8.9189200e+04   1.3681000e+00   1.0130000e+01   0.0000000e+00   0.0000000e+00   3.5530000e+00   2.7350000e+00  -2.2100000e+01   2.3000000e-01
   1.1900000e+02   2.5084700e+02   1.2311350e+03   1.3823300e+01   7.8408820e+04   1.2190600e+01   3.5273360e+05   1.6327000e+00   1.0410000e+01   0.0000000e+00   0.0000000e+00   5.3540000e+00   3.8110000e+00  -2.4300000e+01   2.8800000e-01
   1.2000000e+02   2.6922700e+02   1.1329790e+03   1.8469500e+01   1.0861640e+03   1.8454700e+01   1.1010490e+03   1.4800000e-02   6.8900000e+00   0.0000000e+00   0.0000000e+00   1.5610000e+00   8.5300000e-01  -6.8000000e+01   4.5300000e-01
   1.2100000e+02   8.7819000e+02   1.1518630e+03   1.4744200e+01   3.3575490e+04   1.4766400e+01   3.2896740e+04  -2.2200000e-02   1.3130000e+01   0.0000000e+00   0.0000000e+00   2.2520000e+00   2.1320000e+00   5.2700000e+01   5.3000000e-02
   1.2200000e+02   7.5063000e+02   1.1417800e+03   1.5964100e+01   1.0915910e+04   1.4072500e+01   6.2328830e+04   1.8916000e+00   1.1280000e+01   0.0000000e+00   0.0000000e+00   3.0240000e+00   2.6430000e+00   5.6600000e+01   1.2600000e-01
   1.2300000e+02   6.8898300e+02   1.0303790e+03   1.6116600e+01   9.4853870e+03   1.3711300e+01   8.6931330e+04   2.4053000e+00   9.3400000e+00   0.0000000e+00   0.0000000e+00   2.9690000e+00   2.5370000e+00  -6.0100000e+01   1.4600000e-01
   1.2400000e+02   2.7015400e+02   1.3902460e+03   1.1045300e+01   1.0129100e+06   6.5755000e+00   6.2158290e+07   4.4698000e+00   3.0604000e+02   0.0000000e+00   0.0000000e+00   1.2597800e+02   2.0627000e+01   5.8000000e+00   8.3600000e-01
   1.2500000e+02   8.8256800e+02   1.0258740e+03   1.4795600e+01   3.2023590e+04   1.3425500e+01   1.1311040e+05   1.3701000e+00   9.6900000e+00   0.0000000e+00   0.0000000e+00   3.5370000e+00   2.3480000e+00  -7.9700000e+01   3.3600000e-01
   1.2600000e+02   4.9951000e+02   1.0842140e+03   1.6307400e+01   7.9568120e+03   1.4073900e+01   6.2249090e+04   2.2335000e+00   9.4900000e+00   0.0000000e+00   0.0000000e+00   2.4820000e+00   2.4140000e+00  -3.8900000e+01   2.7000000e-02
   1.2700000e+02   6.2366800e+02   1.0688380e+03   1.8531200e+01   1.0262010e+03   1.6267400e+01   8.2556350e+03   2.2638000e+00   8.8300000e+00   0.0000000e+00   0.0000000e+00   2.3420000e+00   9.2900000e-01  -4.8800000e+01   6.0300000e-01
   1.2800000e+02   8.6296300e+02   9.6973900e+02   1.5431500e+01   1.7827220e+04   1.2840200e+01   1.9391650e+05   2.5913000e+00   9.0700000e+00   0.0000000e+00   0.0000000e+00   3.1510000e+00   2.8670000e+00  -8.9800000e+01   9.0000000e-02
   1.2900000e+02   2.3661800e+02   1.0866480e+03   1.5909300e+01   1.1481390e+04   1.5622100e+01   1.4957160e+04   2.8720000e-01   1.0760000e+01   0.0000000e+00   0.0000000e+00   2.6250000e+00   2.0410000e+00   8.6700000e+01   2.2300000e-01
